0,0.000302246
1080,0.000356264
1100,0.000405355
1120,0.000418297
1140,0.000416564
1160,0.000435072
1180,0.000436537
1200,0.000449702
1220,0.000453082
1240,0.00046454
1260,0.000472713
1280,0.000442255
1300,0.000445634
1320,0.000462694
1340,0.000457364
1360,0.000478178
1380,0.00048526
1400,0.00047901
1420,0.000482387
1440,0.000498332
1460,0.000491913
1480,0.000490704
1500,0.000498824
1520,0.000514088
1540,0.000512629
1560,0.000513648
1580,0.000515677
1600,0.000534292
1620,0.000533573
1640,0.000551106
1660,0.000549139
1680,0.000560235
1700,0.000553967
1720,0.00056447
1740,0.000570245
1760,0.000600274
1780,0.00057852
1800,0.000552137
1820,0.000568753
1840,0.000587273
1860,0.000588223
1880,0.0005948
1900,0.00060086
1920,0.000609195
1940,0.000608735
1960,0.000631724
1980,0.000610892
2000,0.000619783
2020,0.000622548
2040,0.000618209
2060,0.000629313
2080,0.000625835
2100,0.000618032
2120,0.000627446
2140,0.000615613
2160,0.00062163
2180,0.000645293
2200,0.000616832
2220,0.000622763
2240,0.000640666
2260,0.000623175
2280,0.000620747
2300,0.000632571
2320,0.000627903
2340,0.000621044
2360,0.000649467
2380,0.000621929
2400,0.000619099
2420,0.000649173
2440,0.000603495
2460,0.000624806
2480,0.000618376
2500,0.000622433
2520,0.000623991
2540,0.000619485
2560,0.000617863
2580,0.000618149
2600,0.000639506
2620,0.000621291
2640,0.00060294
2660,0.000622105
2680,0.000624043
2700,0.000619958
2720,0.000622062
2740,0.00064489
2760,0.000626062
2780,0.000615535
2800,0.00062926
2820,0.00063048
2840,0.000607583
2860,0.000623387
2880,0.000619141
2900,0.000623216
2920,0.000632324
2940,0.000618876
2960,0.000615972
2980,0.000620213
3000,0.000615518
3020,0.000614304
3040,0.00059789
3060,0.000635629
3080,0.000619247
3100,0.000619877
3120,0.000613759
3140,0.000619271
3160,0.000623656
3180,0.000614261
3200,0.000616317
3220,0.00061903
3240,0.000606175
3260,0.00062182
3280,0.000616378
3300,0.000628975
3320,0.000613937
3340,0.000621235
3360,0.000618953
3380,0.000636141
3400,0.000627095
3420,0.000611027
3440,0.000598212
3460,0.00063085
3480,0.000622094
3500,0.000618711
3520,0.000620792
3540,0.000620209
3560,0.00061979
3580,0.000615953
3600,0.000615964
3620,0.000640843
3640,0.000627061
3660,0.000629584
3680,0.000630768
3700,0.000633957
3720,0.000625395
3740,0.000626822
3760,0.000622728
3780,0.000627212
3800,0.000615132
3820,0.000626283
3840,0.000641711
3860,0.000628815
3880,0.000615909
3900,0.000618946
3920,0.000610759
3940,0.000615321
3960,0.000613646
3980,0.000622824
4000,0.0006384
4020,0.000620283
4040,0.00061448
4060,0.000615817
4080,0.000614168
4100,0.000618523
4120,0.000647095
4140,0.000612078
4160,0.000621173
4180,0.000595846
4200,0.000624062
4220,0.000614162
4240,0.000609584
4260,0.000616385
4280,0.000611275
4300,0.000608336
4320,0.000632766
4340,0.000616675
4360,0.000619699
4380,0.000608326
4400,0.000608
4420,0.000614952
4440,0.000619103
4460,0.000614344
4480,0.000624086
4500,0.000612432
4520,0.000622732
4540,0.000623816
4560,0.000613701
4580,0.000613454
4600,0.000618131
4620,0.000613705
4640,0.000616134
4660,0.000620262
4680,0.000607565
4700,0.000628137
4720,0.000601638
4740,0.000618816
4760,0.000618773
4780,0.000587338
4800,0.000618937
4820,0.000608398
4840,0.000610194
4860,0.000629394
4880,0.000622622
4900,0.000617353
4920,0.000619378
4940,0.000621832
4960,0.000634597
4980,0.000614915
5000,0.000612991
5020,0.000619494
5040,0.000615784
5060,0.000613471
5080,0.000614983
5100,0.000620708
5120,0.000615326
5140,0.00061606
5160,0.000622564
5180,0.000595179
5200,0.000616449
5220,0.000612755
5240,0.000629879
5260,0.000614619
5280,0.000613201
5300,0.000627857
5320,0.000618404
5340,0.000620342
5360,0.000615842
5380,0.000618281
5400,0.000627549
5420,0.000621193
5440,0.000615702
5460,0.000625766
5480,0.000634253
5500,0.000621921
5520,0.00062193
5540,0.000621913
5560,0.000625625
5580,0.000612725
5600,0.000615169
5620,0.000608524
5640,0.000615854
5660,0.000619008
5680,0.000614724
5700,0.000620342
5720,0.000603083
5740,0.000621766
5760,0.000620647
5780,0.000609204
5800,0.000618839
5820,0.000637204
5840,0.000608489
5860,0.00061835
5880,0.000630193
5900,0.000625821
5920,0.00058609
5940,0.000620514
5960,0.000619415
5980,0.000614432
6000,0.000613486
6020,0.000629816
6040,0.000620731
6060,0.000623836
6080,0.000614226
6100,0.000624191
6120,0.000617331
6140,0.000612354
6160,0.000610118
6180,0.000647702
6200,0.000617549
6220,0.000627757
6240,0.000621358
6260,0.000627176
6280,0.000613399
6300,0.000625763
6320,0.00061767
6340,0.000614284
6360,0.000610764
6380,0.000624382
6400,0.000613835
6420,0.000622035
6440,0.000640881
6460,0.000604666
6480,0.000629407
6500,0.000622288
6520,0.000617739
6540,0.000615258
6560,0.000624365
6580,0.000622046
6600,0.00062235
6620,0.000619418
6640,0.000622294
6660,0.0006288
6680,0.000619174
6700,0.00064209
6720,0.000617558
6740,0.000617504
6760,0.000620934
6780,0.000618129
6800,0.000599923
6820,0.000620993
6840,0.000643648
6860,0.000632358
6880,0.000622576
6900,0.000630748
6920,0.000619195
6940,0.000624385
6960,0.000625325
6980,0.00062354
7000,0.000617567
7020,0.000613814
7040,0.000621593
7060,0.000614841
7080,0.000621638
7100,0.00061433
7120,0.000600955
7140,0.000615171
7160,0.000615353
7180,0.000611166
7200,0.000611704
7220,0.000615889
7240,0.000612548
7260,0.000614763
7280,0.000615478
7300,0.000617361
7320,0.000614533
7340,0.000617729
7360,0.000621242
7380,0.000619295
7400,0.000618891
7420,0.000620353
7440,0.00061867
7460,0.000615522
7480,0.00061806
7500,0.000612804
7520,0.00061196
7540,0.00060047
7560,0.000614126
7580,0.000617789
7600,0.000626311
7620,0.000628016
7640,0.000610176
7660,0.000634907
7680,0.000616883
7700,0.00062231
7720,0.000609479
7740,0.000591867
7760,0.000614562
7780,0.000616724
7800,0.000621417
7820,0.000634776
7840,0.00061443
7860,0.000621308
7880,0.00061595
7900,0.000635667
7920,0.000612478
7940,0.00060149
7960,0.000616704
7980,0.000617276
8000,0.000639525
8020,0.000626276
8040,0.00062446
8060,0.000618162
8080,0.000637413
8100,0.000625412
8120,0.00061772
8140,0.000618266
8160,0.000615733
8180,0.000608223
8200,0.000636542
8220,0.00061699
8240,0.000631931
8260,0.000614836
8280,0.000617818
8300,0.000619993
8320,0.000616366
8340,0.000625341
8360,0.000620158
8380,0.000620446
8400,0.000625243
8420,0.000621366
8440,0.00061759
8460,0.000700454
8480,0.000595046
8500,0.000617921
8520,0.000622821
8540,0.000616862
8560,0.000618666
8580,0.000621053
8600,0.000622427
8620,0.000640458
8640,0.000624789
8660,0.000611181
8680,0.000591854
8700,0.000613328
8720,0.000611072
8740,0.00062362
8760,0.000613212
8780,0.000639627
8800,0.000620995
8820,0.000622928
8840,0.000644188
8860,0.000620641
8880,0.000621114
8900,0.000618037
8920,0.0006237
8940,0.000626911
8960,0.000607571
8980,0.000610959
9000,0.000607497
9020,0.000614984
9040,0.000615846
9060,0.000631078
9080,0.000581341
9100,0.000617983
9120,0.0005939
9140,0.000593281
9160,0.000585842
9180,0.000582352
9200,0.000569099
9220,0.000595574
9240,0.000558802
9260,0.000570535
9280,0.000549428
9300,0.000571691
9320,0.000541744
9340,0.000524204
9360,0.000515788
9380,0.000520346
9400,0.00052376
9420,0.000514086
9440,0.00050902
9460,0.000499216
9480,0.000487862
9500,0.000484485
9520,0.000476487
9540,0.000474233
9560,0.000455471
9580,0.000465754
9600,0.000439089
9620,0.000445747
9640,0.000429649
9660,0.00043892
9680,0.000424295
9700,0.000419672
9720,0.000410369
9740,0.000405346
9760,0.000397627
9780,0.000398823
9800,0.000381238
9820,0.00037795
9840,0.000388055
9860,0.000373207
9880,0.00038866
9900,0.000364474
9920,0.00034966
9940,0.000358229
